function vis=calvis(T)
vis=18.203*10^-6*(293.15+110.4)./(T+110.4).*(T/293.15).^1.5; % Pa*s



end